#DAY_CALIBRATE saved state saved on:Fri Apr 19 17:23:42 BST 2002
#Fri Apr 19 17:23:42 BST 2002
ccs.day_calibrate.last_time.2.1.60000.1=1019233422562
ccs.day_calibrate.last_time.2.1.3600000.1=998578439206
ccs.day_calibrate.last_time.1.3.0.5=1019233203119
ccs.day_calibrate.last_time.1.1.0.10=1019233104119
ccs.day_calibrate.last_time.1.2.0.5=1019233154682
ccs.day_calibrate.last_time.2.1.10000.1=1019233273767
ccs.day_calibrate.last_time.2.1.600000.1=1018879218367
ccs.day_calibrate.last_time.1.4.0.5=1019233250259
